1
1.11529
1.0699
1.02153
1.17515
0.962103
1.09963
1.08953
1.04172
1.0587
1.10288
0.842864
0.901517
1.08168
1.1095
1.24909
1.03098
0.708796
0.80262
0.897527
0.888854
0.597795
1.00993
0.806044
1.08762
1.06174
0.901115
1.08801
0.868781
0.823299
0.578156
0.875202
0.855883
0.940832
0.755222
0.985548
0.959781
1.27693
0.900963
0.833565
0.79161
0.819758
1.20526
0.964289
1.07288
0.941862
0.884871
0.986874
1.05138
1.12475
1.16544
1.32697
1.01961
0.799254
0.623852
0.787755
0.762034
0.586961
0.598743
0.693595
0.687842
0.471132
0.675806
0.594446
1.07326
0.93485
0.627052
1
1
1
1
1
1
1
1
1
1
1
1
1
1
1
1
1
1
1
1
1
1
1
1
1
1
1
1
1
1
1
1
1
1
1
1
1
1
1
1
1
1
1
1
1
1
1
1
1
1
1
1
1
1
1
1
1
1
1
1
1
1
1
1
1
1
1
1
1
1
1
1
1
1
1
1
1
1
1
1
1
1
1
1
1
1
1
1
1
1
1
1
1
1
1
1
1
1
1
1
1
1
1
1
1
1
1
1
1
1
1
1
1
1
1
1
1
1
1
1
1
1
1
1
1
1
1
1
1
1
1
1
1.1282
1.29956
0.754984
1.18332
1.0756
1.19679
1.18034
1.39839
1.35007
1.28646
1.73736
1.6014
1.32774
1.16159
0.890181
1.29061
1.62285
1.5886
1.34371
1.59788
1.70792
1.45903
2.27835
0.756274
1.29304
1.53625
1.22424
1.30396
1.47836
2.26163
1.25691
0.775904
1.20981
0.618617
1.22876
0.999645
1.01201
1.50417
1.90941
1.98671
1.38852
1.03666
2.18464
1.28214
1.33026
2.01248
1.16199
1.09225
1.53826
1.23726
1.0915
1.64144
2.12177
2.50247
2.18644
2.30171
1.66086
1.65972
1.39659
1.42926
2.05986
1.65543
0.992446
0.653161
1.04959
1.643
1
1
1
1
1
1
1
1
1
1
1
1
1
1
1
1
1
1
1
1
1
1
1
1
1
1
1
1
1
1
1
1
1
1
1
1
1
1
1
1
1
1
1
1
1
1
1
1
1
1
1
1
1
1
1
1
1
1
1
1
1
1
1
1
1
1
1
1
1
