1
0.659925600000000
0.165669100000000
0.874410300000000
0.284302800000000
0.125572700000000
0.392985200000000
0.309786000000000
0.220610600000000
0.125729000000000
0.407391200000000
0.0744988000000000
0.0700392000000000
0.0886546000000000
0.136443500000000
0.481446400000000
0.109058500000000
0.0687777000000000
0.0777192000000000
0.244455900000000
0.0961602000000000
0.0536081000000000
0.183356000000000
0.0657830000000000
0.273030300000000
0.183953800000000
0.161467700000000
0.290131100000000
0.185933700000000
0.185933700000000
0.185933700000000
0.174710200000000
0.258292100000000
0.361058900000000
0.210134700000000
0.200400500000000
0.185933700000000
0.110660700000000
0.185933700000000
0.0318882000000000
0.0635244000000000
0.0949923000000000
0.0949923000000000
0.0949923000000000
0.200991600000000
0.191282800000000
0.0539794000000000
0.200991600000000
0.165265600000000
0.165265600000000
0.122596100000000
0.0611989000000000
0.0611989000000000
0.0611989000000000
0.108228100000000
0.0907124000000000
0.0526806000000000
0.0714784000000000
0.0597628000000000
0.0598605000000000
0.106527600000000
0.0714784000000000
0.115104700000000
0.0827818000000000
0.147427700000000
0.147427700000000
0.165265600000000
1
1
1
1
1
1
1
1
1
1
1
1
1
1
1
1
1
1
1
1
1
1
1
1
1
1
1
1
1
1
1
1
1
1
1
1
1
1
1
1
1
1
1
1
1
1
1
1
1
1
1
1
1
1
1
1
1
1
1
1
1
1
1
1
1
1
1
1
1
1
1
1
1
1
1
1
1
1
1
1
1
1
1
1
1
1
1
1
1
1
1
1
1
1
1
1
1
1
1
1
1
1
1
1
1
1
1
1
1
1
1
1
1
1
1
1
1
1
1
1
1
1
1
1
1
1
1
1
1
1
1
1
1
1
1
1
1
1
1
1
1
1
1
1
1
1
1
1
1
1
1
1
1
1
1
1
1
1
1
1
1
1
1
1
1
1
1
1
1
1
1
1
1
1
1
1
1
1
1
1
1
1
1
1
1
1
1
1
1
1
1
1
1
1
1
1
1
1
1
1
1
1
1
1
1
1
1
1
1
1
1
1
1
1
1
1
1
1
1
1
1
1
1
1
1
1
1
1
1
1
1
1
1
1
1
1
1
1
1
1
1
1
1
1
1
1
1
1
1
1
1
1
1
1
1
1
1
1
1
1
1
1
1
1
1
1
1