1
0.7278614
0.1974552
0.8744103
0.2640808
0.1224456
0.3520745
0.4374134
0.2587121
0.1265914
0.3476657
0.0734133
0.074877
0.1081109
0.1323967
0.2731723
0.1252231
0.0733642
0.1002799
0.2621859
0.1419381
0.0615054
0.1884495
0.0699724
0.6898376
0.171866
0.1304614
0.2901311
0.1747102
0.1747102
0.1747102
0.1747102
0.2582921
0.3610589
0.2101347
0.2004005
0.2774408
0.1106607
0.1110527
0.0318882
0.0641874
0.26807
0.0997455
0.0774633
0.504725
0.1912828
0.0627155
0.504725
0.1883153
0.1883153
0.1215024
0.0792963
0.0679972
0.0579077
0.0679972
0.0916852
0.0526806
0.0923148
0.0508554
0.0598605
0.1065276
0.0586396
0.1024963
0.0827818
0.1474277
0.054521
0.04745
1
1
1
1
1
1
1
1
1
1
1
1
1
1
1
1
1
1
1
1
1
1
1
1
1
1
1
1
1
1
1
1
1
1
1
1
1
1
1
1
1
1
1
1
1
1
1
1
1
1
1
1
1
1
1
1
1
1
1
1
1
1
1
1
1
1
1
1
1
1
1
1
1
1
1
1
1
1
1
1
1
1
1
1
1
1
1
1
1
1
1
1
1
1
1
1
1
1
1
1
1
1
1
1
1
1
1
1
1
1
1
1
1
1
1
1
1
1
1
1
1
1
1
1
1
1
1
1
1
1
1
1
1
1
1
1
1
1
1
1
1
1
1
1
1
1
1
1
1
1
1
1
1
1
1
1
1
1
1
1
1
1
1
1
1
1
1
1
1
1
1
1
1
1
1
1
1
1
1
1
1
1
1
1
1
1
1
1
1
1
1
1
1
1
1
1
1
1
1
1
1
1
1
1
1
1
1
1
1
1
1
1
1
1
1
1
1
1
1
1
1
1
1
1
1
1
1
1
1
1
1
1
1
1
1
1
1
1
1
1
1
1
1
1
1
1
1
1
1
1
1
1
1
1
1
1
1
1
1
1
1
1
1
1
1
1
1
