1
0.0231962162464246
0.0134976899168980
0.0125236778336031
0.0125386617601179
0.0125182533343733
0.0323201480060678
0.0143548224154693
0.0135591256438814
0.0139152173669021
0.0126669946097284
0.0153924635519014
0.0141816273529188
0.0234120840139624
0.0187466272168662
0.0361984766360915
0.0149969133131415
0.0213662441182682
0.0289984063835676
0.0881172902566280
0.0180448336094870
0.0403656340797338
0.0154762075381278
0.0131878551176165
0.0354503168293906
0.0573606907486871
0.0180081734352182
0.0167252079314435
0.0127079921058318
0.0125960615262735
0.0125519715023741
0.0146616336990263
0.0239331665468567
0.0126216536303461
0.0142268294113238
0.0134154663120675
0.0161900744361724
0.0126347295492502
0.0143538814326787
0.0125464714290176
0.0204153084346303
0.0148750383201562
0.0323932058690753
0.0159906919792535
0.0336553153203576
0.0299553859022007
0.0428615666574304
0.0235568185884872
0.167301138492135
0.0132763385954645
0.0233589815192878
0.0202851213423437
0.0145992667743152
0.0376991048864181
0.0125176133003546
0.0176396760552565
0.0145654077558173
0.0338622755192086
0.0933391454873690
0.0923836158504410
0.0309549830605233
0.0290822446184236
0.0183113253172509
0.0271339502829851
0.0224286505224849
0.0746454156395516
0.0595151008844465
0.00771228442042777
0.00994759953681286
0.00547012546717491
0.00641168734992443
0.00650631236635587
0.0178913213028091
0.00752329377604781
0.00484189905271756
0.00680271368167343
0.00405622407125883
0.00656160228135093
0.00597487155501518
0.0195944467553121
0.00922386222794897
0.00794002600289549
0.00729221376758725
0.00928317002068471
0.0165055053840370
0.0234498809710569
0.00587568945692346
0.0215323260867531
0.00498820911223224
0.00654088325568251
0.00976177424492947
0.0282314678045259
0.00603070736073989
0.00910243867916567
0.00789734269192861
0.00727019543962167
0.00686655129685178
0.00759265682231022
0.0132712133085077
0.00627592106178281
0.00355596618964909
0.00582716310761799
0.00852813481972401
0.00917377337058521
0.00764009286813675
0.00623298245546911
0.0146790259147383
0.00744497576627415
0.0162738332360899
0.00955197340179311
0.0233274615798642
0.0158735954897929
0.0195581215035487
0.00399591041036071
0.146060531752916
0.00475162204425781
0.0153994528267535
0.0149647199626971
0.0110432404092955
0.0231410825719137
0.00762886108732115
0.0101075737946772
0.00721044090621079
0.0241700912233199
0.0622424992416992
0.0487819038703932
0.0180834055318104
0.0179012320482763
0.0122613431256374
0.0151676166175328
0.0127967933613656
0.0377243398157469
0.0346738230814853
0.0154839318259969
0.00355009038008512
0.00705355236642816
0.00612697441019347
0.00601194096801743
0.0144288267032587
0.00683152863942151
0.00871722659116382
0.00711250368522867
0.00861077053846956
0.00883086127055044
0.00820675579790364
0.00381763725865033
0.00952276498891723
0.0282584506331960
0.00770469954555424
0.0120830740975835
0.0124929009995306
0.0646674092855711
0.0121691441525635
0.0188333079929807
0.0104879984258955
0.00664697186193404
0.0256885425844612
0.0291292229441612
0.0119774660744783
0.00762276925227783
0.00481064941390314
0.00532586608665181
0.00568542020552233
0.00706897687671609
0.0106619532383491
0.00634573256856331
0.0106708632216747
0.00758830320444947
0.00766193961644839
0.00346095617866503
0.00671378856454196
0.00631348897354847
0.00573628251989202
0.00743006255388203
0.0161193726329854
0.00643871857746039
0.0103278537404934
0.0140817904124078
0.0233034451538817
0.0195609081781265
0.0212406067392189
0.00852471655120664
0.00795952869253434
0.00532040137964665
0.00355602636501976
0.0145580223145044
0.00488875221303344
0.00753210226057922
0.00735496684960649
0.00969218429588866
0.0310966462456698
0.0436017119800478
0.0128715775287129
0.0111810125701472
0.00604998219161359
0.0119663336654523
0.00963185716111929
0.0369210758238048
0.0248412778029612
0.00165149093842679
0.00728489962094733
0.00115027242122209
0.00228479130833045
0.00460628588610582
0.00589644711117609
0.00503820060600329
0.00305502985276984
0.00341348652566061
0.00219442201903200
0.00441355159682122
0.00372445043198871
0.0105830761934718
0.00553619269192990
0.00413192016660357
0.00393638130009190
0.00653437507213238
0.0100792821328645
0.0113294277878145
0.00451740561795481
0.0183595441786483
0.00275213918690879
0.00433921925079085
0.00129121815355728
0.00837634289826386
0.00376283094745402
0.00510336718191432
0.00587023121997005
0.00575417292196336
0.00605243728169440
0.00488305228567772
0.00702052140872347
0.00341142598738825
0.00209034968674537
0.00382935984240767
0.00491819356545769
0.00199595181077500
0.00586676565141058
0.00538080974552074
0.00815238242411776
0.00367493443230180
0.00433505173626665
0.00303212922641240
0.00962268797999662
0.0128088748954077
0.0102646860226371
0.000464817830332666
0.00180830190082742
0.00104328496126670
0.00256303004273592
0.00815098096906535
0.00940353828092649
0.0160768354464740
0.00681675896998150
0.00762020838225982
0.00440401222298844
0.0194749685316722
0.0491153663945588
0.0418782145609400
0.0170835079247934
0.0165715145672462
0.00602498750423692
0.0109424355339947
0.00779616549020076
0.0293190470845297
0.0272447996670826
0.00606079348200098
0.00266269991586554
0.00431985304595282
0.00412689604159398
0.00190002648025006
0.0119948741916330
0.00248509317004452
0.00178686919994772
0.00338922715601283
0.00186180205222684
0.00214805068452971
0.00225042112302647
0.00901137056184030
0.00368766953601907
0.00380810583629192
0.00335583246749535
0.00274879494855233
0.00642622325117247
0.0121204531832424
0.00135828383896866
0.00317278190810474
0.00223606992532345
0.00220166400489167
0.00847055609137219
0.0198551249062620
0.00226787641328586
0.00399907149725135
0.00202711147195856
0.00151602251765831
0.000814114015157370
0.00270960453663250
0.00625069189978420
0.00286449507439456
0.00146561650290373
0.00199780326521032
0.00360994125426632
0.00717782155981020
0.00177332721672617
0.000852172709948371
0.00652664349062054
0.00377004133397236
0.0119387814998233
0.00651984417538071
0.0137047735998676
0.00306472059438524
0.00929343548091163
0.00353109258002804
0.144252229852089
0.00370833708299112
0.0128364227840176
0.00681373899363172
0.00163970212836900
0.00706424712543967
0.000812102117339652
0.00248736541241741
0.00280642868322235
0.00469512269164777
0.0131271328471404
0.00690368930945321
0.000999897607016995
0.00132971748103009
0.00623635562140044
0.00422518108353809
0.00500062787116479
0.00840529273121714
0.00742902341440275
0
2
1