1.03839
1.06899
1.09978
1.06154
1.05923
1.13063
1.14929
1.0634
1.1093
1.15222
1.05979
1.52095
1.36562
1.17446
1.03712
0.789177
1.11097
1.71145
1.58327
1.28605
1.28583
1.90328
1.17651
1.81477
0.947088
1.19457
1.33349
1.10542
1.40864
1.41045
2.03966
1.35452
1.17195
1.18205
1.32062
1.19174
1.14084
0.802919
1.33005
1.43696
1.96111
1.56501
0.870625
1.96299
1.12845
1.13356
1.56879
1.07749
1.18277
1.18277
1.1239
0.824054
1.16395
1.72225
1.85432
1.67475
1.91358
2.2578
1.9601
1.5523
1.52832
2.34263
2.12425
1.79378
0.897797
1.13467
1.96257
1.53187
1.23355
1.15498
1.4798
1.14673
1.47246
1.28865
1.41299
1.44295
1.51517
1.67544
1.55485
1.31996
1.2905
0.966303
1.28517
1.47174
1.46937
1.46752
1.38138
1.22126
1.55966
1.99398
1.01201
1.54022
1.57951
1.35225
1.35181
1.25588
1.30175
1.3341
0.992469
1.21194
0.895336
1.38896
1.15109
1.01995
1.36469
1.38281
1.78633
1.50811
1.057
2.6498
1.29318
1.09575
1.89435
1.23623
1.27443
1.96221
1.46362
1.11416
1.23737
1.61915
1.24039
1.55555
1.98372
1.44806
1.24508
1.11136
1.05873
1.14384
1.64488
1.08575
0.905721
1.07363
1.38694
1.04178
1.02571
1.03148
1.02441
1.02607
1.03112
1.02488
1.02581
1.02715
1.02401
1.02953
1.02339
1.03363
1.02431
0.991256
1.02188
1.03437
1.03442
1.05166
1.03735
1.04663
1.03239
1.03326
1.03698
1.03445
1.03436
1.03774
1.02998
1.03912
1.04086
1.03743
1.01632
1.01841
1.03284
1.02428
1.03444
1.03946
1.02457
1.03055
1.04094
1.07884
1.04161
1.03788
1.03624
1.03651
1.03403
1.02993
1.0433
1.0401
1.04084
1.0366
1.03765
1.03832
1.03333
1.03818
1.03413
1.04689
1.03806
1.03863
1.04078
1.04118
1.06258
1.04195
1.04379
1.04767
1.03092
1.30625
1.08907
1.6594
1.23094
1.10609
1.19997
1.17221
1.13276
1.11066
1.23867
1.19237
1.12325
1.05041
1.16441
1.05848
1.0473
1.12662
1.05723
1.12413
1.12708
1.04782
1.15315
1.15011
1.50792
1.13112
1.17762
1.1595
1.19748
1.08031
1.05983
1.15661
1.20051
1.04323
1.20804
1.22808
1.15138
1.00418
1.14535
1.15758
1.00629
1.12627
1.01133
1.0172
1.00554
0.992318
1.01748
0.989754
1.10208
1.10208
1.08518
1.04144
1.07436
1.02903
1.00053
1.054
1.05099
1.19967
1.01597
1.01904
1.02038
1.02227
1.03596
1.08958
1.1676
1.05427
1.13348
1.59712
1.68545
1.03876
1.62956
1.24894
1.61884
1.54533
1.98086
1.83165
1.88489
2.99384
2.4621
1.68481
1.4946
0.871929
1.60223
2.5249
2.28662
1.83933
2.46146
2.557
2.16435
4.53707
0.946623
1.73591
2.40865
1.62449
1.86371
2.07261
4.12989
1.69316
0.786521
1.43298
0.542566
1.73118
1.1507
1.02436
2.26168
3.40184
3.15946
1.94639
1.07388
3.74144
1.52157
1.59667
3.26398
1.27115
1.27669
2.25907
1.54742
1.20505
2.45391
3.60518
4.61505
3.88215
4.21712
2.79436
2.36376
1.77817
1.85047
3.40901
2.39991
1.07589
0.574107
1.14284
2.59304
1
1.01902
1
1.03839
1.05021
1.0197
1.05381
1.01564
1.01599
1.05256
1.02773
1.02828
1.01927
1.02079
1.03824
1.02738
1.01886
1.00491
0.942409
1.0139
1.05219
1.05849
1.075
1.04057
1.05556
1.03326
1.05701
0.9635
1.03344
1.04351
1.03059
1.07139
1.07171
1.18164
1.06194
1.04441
1.06573
1.06737
1.03843
1.03907
0.978191
1.03665
1.01393
1.06169
1.15146
0.987095
1.0746
1.06483
1.02555
1.03567
1.03911
1.03442
1.03442
1.01505
0.986048
1.01115
1.04182
1.05809
1.06186
1.04813
1.11611
1.04883
1.03306
1.05628
1.07873
1.11523
1.06571
0.984933
1.00734
1.04567
1.53187
1.23355
1.15498
1.4798
1.14673
1.47246
1.28865
1.41299
1.44295
1.51517
1.67544
1.55485
1.31996
1.2905
0.966303
1.28517
1.47174
1.46937
1.46752
1.38138
1.22126
1.55966
1.99398
1.01201
1.54022
1.57951
1.35225
1.35181
1.25588
1.30175
1.3341
0.992469
1.21194
0.895336
1.38896
1.15109
1.01995
1.36469
1.38281
1.78633
1.50811
1.057
2.6498
1.29318
1.09575
1.89435
1.23623
1.27443
1.96221
1.46362
1.11416
1.23737
1.61915
1.24039
1.55555
1.98372
1.44806
1.24508
1.11136
1.05873
1.14384
1.64488
1.08575
0.905721
1.07363
1.38694
1.04178
1.02571
1.03148
1.02441
1.02607
1.03112
1.02488
1.02581
1.02715
1.02401
1.02953
1.02339
1.03363
1.02431
0.991256
1.02188
1.03437
1.03442
1.05166
1.03735
1.04663
1.03239
1.03326
1.03698
1.03445
1.03436
1.03774
1.02998
1.03912
1.04086
1.03743
1.01632
1.01841
1.03284
1.02428
1.03444
1.03946
1.02457
1.03055
1.04094
1.07884
1.04161
1.03788
1.03624
1.03651
1.03403
1.02993
1.0433
1.0401
1.04084
1.0366
1.03765
1.03832
1.03333
1.03818
1.03413
1.04689
1.03806
1.03863
1.04078
1.04118
1.06258
1.04195
1.04379
1.04767
1.03092
1.30625
1.08907
1.6594
1.23094
1.10609
1.19997
1.17221
1.13276
1.11066
1.23867
1.19237
1.12325
1.05041
1.16441
1.05848
1.0473
1.12662
1.05723
1.12413
1.12708
1.04782
1.15315
1.15011
1.50792
1.13112
1.17762
1.1595
1.19748
1.08031
1.05983
1.15661
1.20051
1.04323
1.20804
1.22808
1.15138
1.00418
1.14535
1.15758
1.00629
1.12627
1.01133
1.0172
1.00554
0.992318
1.01748
0.989754
1.10208
1.10208
1.08518
1.04144
1.07436
1.02903
1.00053
1.054
1.05099
1.19967
1.01597
1.01904
1.02038
1.02227
1.03596
1.08958
1.1676
1.05427
1.13348
1.59712
1.68545
1.03876
1.62956
1.24894
1.61884
1.54533
1.98086
1.83165
1.88489
2.99384
2.4621
1.68481
1.4946
0.871929
1.60223
2.5249
2.28662
1.83933
2.46146
2.557
2.16435
4.53707
0.946623
1.73591
2.40865
1.62449
1.86371
2.07261
4.12989
1.69316
0.786521
1.43298
0.542566
1.73118
1.1507
1.02436
2.26168
3.40184
3.15946
1.94639
1.07388
3.74144
1.52157
1.59667
3.26398
1.27115
1.27669
2.25907
1.54742
1.20505
2.45391
3.60518
4.61505
3.88215
4.21712
2.79436
2.36376
1.77817
1.85047
3.40901
2.39991
1.07589
0.574107
1.14284
2.59304
1
1.01902
1
1
0.0850047
0.0140103
0.0247452
0.00725048
0.00588314
0.0580003
0.0223669
0.0104674
0.0126571
0.038196
0.0366522
0.0194658
0.0281934
0.0173423
0.0512303
0.00489942
0.0127585
0.0271757
0.157055
0.0208999
0.0327983
0.0276801
0.00473426
0.0418483
0.137005
0.0337727
0.0157176
0.000278545
0.000134804
9.1421e-05
0.00304835
0.0119273
0.000237647
0.00104345
0.00231532
0.00639502
0.000362184
0.012585
0.00896279
0.0125242
0.00723814
0.0374243
0.0145147
0.0636002
0.0471506
0.123489
0.0143014
0.171015
0.101676
0.0371923
0.0281619
0.0223238
0.159419
0.0531777
0.0791937
0.00982808
0.0228006
0.0798226
0.0775611
0.0188068
0.0165719
0.0102325
0.00997663
0.00975652
0.0750163
0.0616182
0.0318015
0.0113486
0.0111657
0.00414368
0.00347534
0.0372674
0.0126565
0.00437015
0.00748085
0.0140875
0.0254753
0.0119682
0.0276193
0.00921971
0.00933539
0.00273348
0.00974122
0.0245206
0.055042
0.00907155
0.0324528
0.0113263
0.00456323
0.0112474
0.0842409
0.0161235
0.00961555
0.000236827
0.000105659
8.98081e-05
0.00211097
0.00739001
0.000135649
0.000309055
0.00123425
0.0037732
0.000215405
0.00905318
0.0066835
0.0175944
0.00525281
0.0166313
0.0181194
0.0479649
0.0279054
0.0966572
0.00267177
0.1724
0.0486075
0.028381
0.0174929
0.0197654
0.172622
0.0584045
0.0764444
0.0100462
0.03411
0.101858
0.0623256
0.0159416
0.0224712
0.0137811
0.00945491
0.00495004
0.0429105
0.0706779
0.0547227
0.00376193
0.013761
0.00341797
0.00307159
0.0260629
0.0104867
0.00692198
0.00682723
0.0255678
0.0282174
0.0139063
0.00487974
0.00867834
0.0335651
0.00263504
0.0110111
0.0161284
0.132848
0.0167544
0.0266859
0.0201912
0.00356497
0.0298881
0.0741258
0.0270343
0.0072434
0.000129396
7.17527e-05
6.79962e-05
0.00177726
0.00599372
0.000127937
0.000981965
0.00142292
0.00324812
8.18834e-05
0.00709369
0.00601866
0.00553978
0.0045849
0.0163771
0.00839507
0.0194351
0.0242111
0.0903976
0.0121578
0.0231424
0.0676509
0.0127995
0.00604233
0.0059319
0.0909143
0.0347902
0.0484585
0.00789697
0.0120135
0.0473186
0.0542192
0.0112697
0.0135172
0.00570942
0.00733749
0.00394334
0.0415876
0.04497
0.00638944
0.00790692
0.00271419
0.00137174
0.00242519
0.0113169
0.00816073
0.00252404
0.00338064
0.00703125
0.0149559
0.00655054
0.0136148
0.00531073
0.00503837
0.00135956
0.0061617
0.0131264
0.0239031
0.00642936
0.0260264
0.00553805
0.00242916
0.00174502
0.022091
0.0089454
0.00506943
0.000167706
7.8738e-05
7.29105e-05
0.00128227
0.00421855
6.94439e-05
0.000204803
0.000772123
0.00217623
4.65747e-05
0.0064813
0.00537367
0.00776722
0.00230708
0.00435271
0.0039217
0.0178916
0.0216421
0.0395622
0.00028434
0.00201388
0.00847329
0.00419089
0.00927423
0.015906
0.100039
0.0478887
0.0493229
0.00475923
0.0254912
0.0740967
0.0516809
0.0148395
0.0198877
0.00562842
0.00683069
0.00333816
0.0331078
0.0512281
0.0254121
0.00344167
0.00845151
0.00277194
0.00105015
0.0259505
0.00449575
0.00184612
0.00410021
0.0070563
0.0105195
0.00541765
0.0140045
0.00390898
0.00429701
0.00137392
0.00357952
0.0113942
0.0311388
0.00264219
0.00642645
0.00578826
0.00213407
0.00950238
0.06215
0.00717813
0.00454611
6.91216e-05
2.69212e-05
1.68977e-05
0.000828698
0.00317147
6.62049e-05
0.000104252
0.000462124
0.00159697
0.00016883
0.00257188
0.00130983
0.00982714
0.00294573
0.0122786
0.0141977
0.0300733
0.00626332
0.0570951
0.00238743
0.170386
0.0401342
0.0241901
0.00821869
0.00385938
0.0725829
0.0105159
0.0271215
0.00528701
0.00861885
0.0277614
0.0106448
0.00110206
0.0025835
0.00815271
0.00262422
0.00161188
0.00980272
0.0194498
0
2
1
