1
1.050215
1.0197014
1.0538104
1.015642
1.015995
1.0525599
1.0277314
1.0282761
1.0192702
1.0207855
1.0382447
1.0273762
1.0188611
1.004914
0.9424089
1.0138963
1.052195
1.0584904
1.0749995
1.0405699
1.0555566
1.0332635
1.0570116
0.9634996
1.0334401
1.0435071
1.0305857
1.0713935
1.0717102
1.1816392
1.0619384
1.0444135
1.0657321
1.0673736
1.0384257
1.0390737
0.9781909
1.0366533
1.0139338
1.0616912
1.1514618
0.9870954
1.0745967
1.0648324
1.0255475
1.0356717
1.0391089
1.0344186
1.0344186
1.015054
0.9860481
1.0111479
1.0418236
1.0580914
1.0618649
1.0481277
1.1161133
1.0488263
1.0330608
1.0562808
1.0787312
1.1152316
1.0657102
0.9849325
1.0073422
1.045674
1
1
1
1
1
1
1
1
1
1
1
1
1
1
1
1
1
1
1
1
1
1
1
1
1
1
1
1
1
1
1
1
1
1
1
1
1
1
1
1
1
1
1
1
1
1
1
1
1
1
1
1
1
1
1
1
1
1
1
1
1
1
1
1
1
1
1
1
1
1
1
1
1
1
1
1
1
1
1
1
1
1
1
1
1
1
1
1
1
1
1
1
1
1
1
1
1
1
1
1
1
1
1
1
1
1
1
1
1
1
1
1
1
1
1
1
1
1
1
1
1
1
1
1
1
1
1
1
1
1
1
1
1.3062483
1.0890712
1.6594045
1.2309353
1.1060946
1.1999707
1.1722124
1.1327616
1.1106593
1.2386749
1.192375
1.1232457
1.0504128
1.1644063
1.0584831
1.0472959
1.1266227
1.0572274
1.1241324
1.1270756
1.0478152
1.1531507
1.1501148
1.5079189
1.1311175
1.1776233
1.1595019
1.1974846
1.0803125
1.0598274
1.1566135
1.2005051
1.0432308
1.2080449
1.2280845
1.1513787
1.0041758
1.1453466
1.1575789
1.0062884
1.1262734
1.0113348
1.0171966
1.0055445
0.9923183
1.0174842
0.9897543
1.1020843
1.1020843
1.0851843
1.0414375
1.0743631
1.0290323
1.0005289
1.0540032
1.0509865
1.1996661
1.0159682
1.019037
1.0203823
1.0222673
1.0359582
1.0895759
1.167596
1.0542671
1.1334814
1
1
1
1
1
1
1
1
1
1
1
1
1
1
1
1
1
1
1
1
1
1
1
1
1
1
1
1
1
1
1
1
1
1
1
1
1
1
1
1
1
1
1
1
1
1
1
1
1
1
1
1
1
1
1
1
1
1
1
1
1
1
1
1
1
1
1
1
1
